4.166667 16.666666 8.800000
4.166667 16.666666 8.800000
8.333333 33.333332 5.400000
8.333333 33.333332 5.400000
21.666666 55.333332 31.000000
21.666666 55.333332 31.000000
22.829865 32.038357 27.600000
22.829865 33.838360 27.600000
23.229864 32.038357 27.600000
23.229864 33.838360 27.600000
23.629864 32.038357 27.600000
23.629864 33.838360 27.600000
23.666666 33.333332 28.000000
23.698265 33.135845 27.799999
23.729864 32.938358 27.600000
23.761461 32.740871 27.400000
23.793060 32.543385 27.200001
23.824657 32.345898 27.000000
23.856255 32.148411 26.799999
23.887854 31.950922 26.600000
23.919453 31.753433 26.400000
23.951050 31.555944 26.200001
23.982649 31.358456 26.000000
24.000000 25.938480 20.200001
24.000000 26.085581 20.400000
24.000000 26.241327 20.600000
24.000000 26.404242 20.799999
24.000000 26.573025 21.000000
24.000000 26.746592 21.200001
24.000000 26.924053 21.400000
24.000000 27.104700 21.600000
24.000000 27.287960 21.799999
24.000000 27.473377 22.000000
24.000000 27.660591 22.200001
24.000000 27.849306 22.400000
24.000000 28.039288 22.600000
24.000000 28.230343 22.799999
24.000000 28.422319 23.000000
24.000000 28.615084 23.200001
24.000000 28.808529 23.400000
24.000000 29.002562 23.600000
24.000000 29.197115 23.799999
24.000000 29.392124 24.000000
24.000000 29.587538 24.200001
24.000000 29.783310 24.400000
24.000000 29.979397 24.600000
24.000000 30.175768 24.799999
24.000000 30.372391 25.000000
24.000000 30.569244 25.200001
24.000000 30.766304 25.400000
24.000000 30.963551 25.600000
24.000000 31.160965 25.799999
26.000000 18.839046 25.799999
26.000000 19.036465 25.600000
26.000000 19.233715 25.400000
26.000000 19.430775 25.200001
26.000000 19.627628 25.000000
26.000000 19.824253 24.799999
26.000000 20.020622 24.600000
26.000000 20.216709 24.400000
26.000000 20.412481 24.200001
26.000000 20.607897 24.000000
26.000000 20.802906 23.799999
26.000000 20.997463 23.600000
26.000000 21.191504 23.400000
26.000000 21.384947 23.200001
26.000000 21.577709 23.000000
26.000000 21.769682 22.799999
26.000000 21.960741 22.600000
26.000000 22.150724 22.400000
26.000000 22.339441 22.200001
26.000000 22.526653 22.000000
26.000000 22.712074 21.799999
26.000000 22.895334 21.600000
26.000000 23.075981 21.400000
26.000000 23.253447 21.200001
26.000000 23.427015 21.000000
26.000000 23.595797 20.799999
26.000000 23.758713 20.600000
26.000000 23.914459 20.400000
26.000000 24.061560 20.200001
26.017351 18.641554 26.000000
26.048950 18.444065 26.200001
26.080547 18.246576 26.400000
26.112146 18.049088 26.600000
26.143745 17.851599 26.799999
26.170135 16.161644 27.600000
26.170135 17.961643 27.600000
26.175343 17.654110 27.000000
26.206940 17.456621 27.200001
26.238539 17.259132 27.400000
26.270136 17.061644 27.600000
26.301735 16.864155 27.799999
26.333334 16.666666 28.000000
26.570137 16.161644 27.600000
26.570137 17.961643 27.600000
26.970137 16.161644 27.600000
26.970137 17.961643 27.600000
28.333334 52.666668 31.000000
28.333334 52.666668 31.000000
40.500000 28.447681 1.800000
40.500000 28.647682 1.600000
40.500000 29.641701 1.600000
40.500000 29.841705 1.800000
40.750000 28.247681 2.000000
40.750000 30.041710 2.000000
41.000000 28.047682 2.200000
41.000000 30.241709 2.200000
41.250000 27.847681 2.400000
41.250000 30.441710 2.400000
41.500000 27.647682 2.600000
41.500000 30.641710 2.600000
41.666668 33.333332 5.400000
41.666668 33.333332 5.400000
41.750000 27.447681 2.800000
41.750000 30.841709 2.800000
41.798401 33.182846 5.200000
41.867054 32.994999 5.000000
41.898399 32.482845 5.200000
41.898399 33.882847 5.200000
41.931759 32.805756 4.800000
41.992126 32.615086 4.600000
42.000000 27.247681 3.000000
42.000000 31.041710 3.000000
42.047707 32.422962 4.400000
42.097965 32.229382 4.200000
42.142288 32.034355 4.000000
42.179935 31.837931 3.800000
42.210037 31.640209 3.600000
42.231548 31.441370 3.400000
42.243217 31.241711 3.200000
42.250000 27.047684 3.200000
42.298401 32.482845 5.200000
42.298401 33.882847 5.200000
42.500000 26.848024 3.400000
42.750000 26.649185 3.600000
43.000000 26.451462 3.800000
43.250000 26.255037 4.000000
43.500000 26.060015 4.200000
43.750000 25.866432 4.400000
44.000000 25.674313 4.600000
44.250000 25.483643 4.800000
44.500000 25.294401 5.000000
44.750000 25.106554 5.200000
45.833332 16.666666 8.800000
45.833332 16.666666 8.800000
50.039482 28.033382 15.600000
50.039482 29.833382 15.600000
50.133331 29.333334 16.000000
50.136410 29.133358 15.800000
50.139484 28.933382 15.600000
50.142563 28.733406 15.400000
50.145638 28.533430 15.200000
50.148716 28.333454 15.000000
50.151791 28.133478 14.800000
50.154869 27.933502 14.600000
50.157944 27.733526 14.400000
50.160511 20.166618 15.600000
50.160511 21.966618 15.600000
50.161022 27.533550 14.200000
50.164097 27.333574 14.000000
50.167175 27.133598 13.800000
50.170250 26.933622 13.600000
50.173328 26.733646 13.400000
50.176403 26.533670 13.200000
50.179482 26.333694 13.000000
50.182556 26.133718 12.800000
50.185635 25.933743 12.600000
50.188709 25.733767 12.400000
50.191788 25.533791 12.200000
50.208210 24.466209 12.200000
50.211288 24.266233 12.400000
50.214363 24.066257 12.600000
50.217442 23.866282 12.800000
50.220516 23.666306 13.000000
50.223595 23.466330 13.200000
50.226669 23.266354 13.400000
50.229748 23.066378 13.600000
50.232822 22.866402 13.800000
50.235901 22.666426 14.000000
50.238976 22.466450 14.200000
50.242054 22.266474 14.400000
50.245129 22.066498 14.600000
50.248207 21.866522 14.800000
50.251282 21.666546 15.000000
50.254360 21.466570 15.200000
50.257435 21.266594 15.400000
50.260513 21.066618 15.600000
50.263588 20.866642 15.800000
50.266666 20.666666 16.000000
50.439484 28.033382 15.600000
50.439484 29.833382 15.600000
50.560513 20.166618 15.600000
50.560513 21.966618 15.600000
50.839481 28.033382 15.600000
50.839481 29.833382 15.600000
50.960510 20.166618 15.600000
50.960510 21.966618 15.600000
